    0:    78    45    23    91    13    34    99    57    80    64 
    2:    78    78    23    91    13    34    99    57    80    64 
    3:    45    45    78    91    13    34    99    57    80    64 
    4:    23    45    78    91    13    34    99    57    80    64 
    5:    23    23    45    78    91    34    99    57    80    64 
    6:    13    23    45    45    78    91    99    57    80    64 
    7:    13    23    34    45    78    91    99    57    80    64 
    8:    13    23    34    45    78    78    91    99    80    64 
    9:    13    23    34    45    57    78    91    91    99    64 
   10:    13    23    34    45    57    78    78    80    91    99 
execution time =       0.00 seconds
