    0:    78    45    23    91    13    34    99    57    80    64 
    1:    13    45    23    91    78    34    99    57    80    64 
    2:    13    23    45    91    78    34    99    57    80    64 
    3:    13    23    34    91    78    45    99    57    80    64 
    4:    13    23    34    45    78    91    99    57    80    64 
    5:    13    23    34    45    57    91    99    78    80    64 
    6:    13    23    34    45    57    64    99    78    80    91 
    7:    13    23    34    45    57    64    78    99    80    91 
    8:    13    23    34    45    57    64    78    80    99    91 
    9:    13    23    34    45    57    64    78    80    91    99 
execution time =       0.00 seconds
